id	spawngroupID	x	y	z
40447	34326	33.000000	-117.000000	-124.125000
40448	34327	77.000000	-116.000000	-123.500000
40449	34328	57.000000	-126.000000	-124.125000
40450	34329	56.000000	-25.000000	-38.000000
40699	34593	83.000000	-9.000000	-80.500000
76544	54831	0.000000	0.000000	0.000000
142577	104102	0.000000	0.000000	0.000000
142578	104103	0.000000	0.000000	0.000000
142579	104104	0.000000	0.000000	0.000000
142580	104105	0.000000	0.000000	0.000000
142581	104106	0.000000	0.000000	0.000000
142582	104107	0.000000	0.000000	0.000000
142583	104108	0.000000	0.000000	0.000000
142584	104109	0.000000	0.000000	0.000000
142585	104110	0.000000	0.000000	0.000000
142586	104111	0.000000	0.000000	0.000000
142587	104112	0.000000	0.000000	0.000000
142588	104113	0.000000	0.000000	0.000000
3264402	3287873	83.000000	-9.000000	-80.500000
3266011	200000	58.419998	-150.720001	-158.500000
3266012	200001	58.419998	-140.720001	-158.500000
3266013	200002	58.419998	-130.720001	-158.500000
3266014	200003	58.419998	-120.720001	-158.500000
3266015	200004	58.419998	-110.720001	-158.500000
3266016	200005	58.419998	-100.720001	-158.500000
3266017	200006	58.419998	-90.720001	-158.500000
3266018	200007	58.419998	-80.720001	-158.500000
3266019	200008	58.419998	-70.720001	-158.500000
3266020	200009	58.419998	-60.720001	-158.500000
3266021	200010	58.419998	-50.720001	-158.500000
3266022	200011	58.419998	-40.720001	-158.500000
3266023	200012	58.419998	-30.719999	-158.500000
3266024	200013	58.419998	-20.719999	-158.500000
3266025	200014	58.419998	-10.720000	-158.500000
id	name
202999	Multiclass_Master
id	name
202999	Multiclass_Master
